  0   32 128   LDA 128
  2   96       NOT
  3   48 135   ADD 135
  5   48 129   ADD 129
  7  144  13   JN  13
  9   32 129   LDA 129
 11  128  15   JMP 15
 13   32 128   LDA 128
 15   16 134   STA 134
 17   96       NOT
 18   48 135   ADD 135
 20    0       NOP
 21   48 130   ADD 130
 23  144  30   JN  30
 25   32 130   LDA 130
 27   16 131   STA 131
 29  240       HLT
 30   32 134   LDA 134
 32   16 131   STA 131
 34  240       HLT

128   50      
129   40      
130   30      
131   50      
132    0      
133    0      
134   50      
135    1      
