  0   32 135   LDA 135
  2   96       NOT
  3   48 135   ADD 135
  5   16 135   STA 135
  7   32 128   LDA 128
  9   16 136   STA 136
 11   16 129   STA 129
 13   32 136   LDA 136
 15   48 135   ADD 135
 17   16 136   STA 136
 19  160  29   JZ  29
 21   32 129   LDA 129
 23   48 128   ADD 128
 25   16 129   STA 129
 27  128  13   JMP 13
 29  240       HLT

128   10      
129  100      
130    0      
131    0      
132    0      
133    0      
134    0      
135  255      
136    0      
